# Pair potential lj/cut for atom types 1 1: i,r,energy,force

LJ
N 500 R 0.1 3

1 0.1 3999996000001 479999760000000
2 0.105811623246493 2030761208253.64 230306944094867
3 0.111623246492986 1069063141974.23 114929197225580
4 0.117434869739479 581425409575.623 59412626594949.8
5 0.123246492985972 325659406788.234 31708161707227.6
6 0.129058116232465 187341556303.062 17419314144829.6
7 0.134869739478958 110429003796.846 9825421465072.68
8 0.140681362725451 66560691707.2253 5677592119778.82
9 0.146492985971944 40949982740.4774 3354441975208.91
10 0.152304609218437 25674264474.9761 2022874409800.32
11 0.15811623246493 16380822855.0729 1243208284484.89
12 0.163927855711423 10622297660.9003 777590899069.506
13 0.169739478957916 6992866350.74563 494377620365.348
14 0.175551102204409 4668792289.08466 319145403863.744
15 0.181362725450902 3158407287.72527 208982092406.146
16 0.187174348697395 2163143589.0265 138685035445.614
17 0.192985971943888 1498748140.81729 93195593817.8797
18 0.198797595190381 1049783313.67568 63369924351.2529
19 0.204609218436874 742892145.437721 43571022292.8081
20 0.210420841683367 530832190.484489 30273915418.2702
21 0.21623246492986 382793724.152998 21244541020.7289
22 0.222044088176353 278443678.573911 15048922986.0234
23 0.227855711422846 204211494.084624 10755532072.5409
24 0.233667334669339 150943090.765782 7752322430.65401
25 0.239478957915832 112400890.462112 5632803484.81761
26 0.245290581162325 84293662.6186266 4124227357.30858
27 0.251102204408818 63642145.9587209 3041795210.58427
28 0.256913827655311 48359894.2994772 2259131734.65599
29 0.262725450901804 36973571.5324698 1689047726.22247
30 0.268537074148297 28434532.0152312 1270879911.50843
31 0.27434869739479 21990745.7902699 962079372.490213
32 0.280160320641283 17098989.837466 732571617.171177
33 0.285971943887776 13364148.5815042 560941920.410903
34 0.291783567134269 10496922.4520538 431833599.840545
35 0.297595190380762 8284138.80796744 334159312.804334
36 0.303406813627255 6567758.51715003 259861848.286584
37 0.309218436873748 5229927.86754943 203049267.980365
38 0.31503006012024 4182263.73802121 159387029.725143
39 0.320841683366733 3358123.76792297 125667821.627953
40 0.326653306613226 2706995.43492056 99505157.6097946
41 0.332464929859719 2190398.93747707 79113749.701406
42 0.338276553106212 1778878.29117919 63151123.6872127
43 0.344088176352705 1449779.37653565 50602730.7219235
44 0.349899799599198 1185600.35931868 40698138.6139727
45 0.355711422845691 972760.730386527 32849561.3302292
46 0.361523046092184 800678.158581065 26606534.9954881
47 0.367334669338677 661072.854974851 21622328.8709035
48 0.37314629258517 547440.939473428 17628930.30059
49 0.378957915831663 454653.956796302 14418326.1971595
50 0.384769539078156 378652.99712324 11828431.5093756
51 0.390581162324649 316214.087386014 9732463.73676024
52 0.396392785571142 264767.511038383 8030884.80938149
53 0.402204408817635 222258.108248592 6645264.32672837
54 0.408016032064128 187036.846216011 5513586.98828318
55 0.413827655310621 157776.346038787 4586650.15881795
56 0.419639278557114 133404.834664539 3825287.7011019
57 0.425450901803607 113054.32131643 3198222.58268745
58 0.4312625250501 96019.7958570704 2680399.82720103
59 0.437074148296593 81726.9981185971 2251687.80482984
60 0.442885771543086 69706.8754259031 1895863.01078151
61 0.448697394789579 59575.276773872 1599813.80610905
62 0.454509018036072 51016.7606371885 1352913.86982937
63 0.460320641282565 43771.6445765864 1146527.63416514
64 0.466132264529058 37625.6175474707 973618.700046945
65 0.471943887775551 32401.3842275628 828438.861056131
66 0.477755511022044 27951.9253426878 706280.421354748
67 0.483567134268537 24155.0468504174 603278.363662899
68 0.48937875751503 20908.9599585202 516251.8955351
69 0.495190380761523 18128.6878720004 442577.192064405
70 0.501002004008016 15743.1373504056 380084.923006474
71 0.506813627254509 13692.7062659397 326977.524541016
72 0.512625250501002 11927.3244122067 281762.243065851
73 0.518436873747495 10404.8453823956 243196.810837807
74 0.524248496993988 9089.72361614543 210245.264469469
75 0.530060120240481 7951.92363527359 182041.928165083
76 0.535871743486974 6966.01877037987 157861.985483663
77 0.541683366733467 6110.4448832603 137097.380454999
78 0.54749498997996 5366.88115096914 119237.039629805
79 0.553306613226453 4719.73523791615 103850.605491275
80 0.559118236472946 4155.71441050875 90575.029738269
81 0.564929859719439 3663.46755520386 79103.5009389106
82 0.570741482965932 3233.2858114925 69176.2817075873
83 0.576553106212425 2856.85175754888 60573.1111638976
84 0.582364729458918 2527.02889202445 53106.8931327842
85 0.588176352705411 2237.68462334763 46618.4425976535
86 0.593987975951904 1983.54117365746 40972.1048888458
87 0.599799599198397 1760.04978062665 36052.096005208
88 0.60561122244489 1563.28437888705 31759.4399314911
89 0.611422845691383 1389.85159720324 28009.4011023965
90 0.617234468937876 1236.81444497831 24729.3282883787
91 0.623046092184369 1101.62750388375 21856.8409464069
92 0.628857715430862 982.081804942796 19338.3011361208
93 0.634669338677355 876.257872460636 17127.5239649036
94 0.640480961923848 782.485665289441 15184.6876090064
95 0.646292585170341 699.310352377569 13475.4105954085
96 0.652104208416834 625.46303097721 11969.9694892891
97 0.657915831663327 559.835638461595 10642.6346317149
98 0.66372745490982 501.459427486608 9471.10528694033
99 0.669539078156313 449.486473355767 8436.0286307995
100 0.675350701402806 403.173765299925 7520.58955657771
101 0.681162324649299 361.869502745378 6710.16038647332
102 0.686973947895791 325.001275803222 5992.00133191001
103 0.692785571142285 292.065858053419 5355.00400710477
104 0.698597194388778 262.620380774107 4789.47151861264
105 0.70440881763527 236.274692365266 4286.92967099486
106 0.710220440881764 212.684735900558 3839.96467972272
107 0.716032064128256 191.546802394059 3442.0834952379
108 0.721843687374749 172.592538222952 3087.59344005782
109 0.727655310621242 155.58460281267 2771.49836317385
110 0.733466933867735 140.312887675548 2489.40893863094
111 0.739278557114228 126.591220621531 2237.46509125207
112 0.745090180360721 114.254489784212 2012.26883287802
113 0.750901803607214 103.156131323796 1810.82604628221
114 0.756713426853707 93.1659325288561 1630.49596861182
115 0.7625250501002 84.1681087495613 1468.94730806466
116 0.768336673346693 76.0596183314436 1324.12008175645
117 0.774148296593186 68.7486846282982 1194.19239372521
118 0.779959919839679 62.1534983796161 1077.55148340513
119 0.785771543086172 56.2010773468903 972.768469731549
120 0.791583166332665 50.8262632027659 878.576296872818
121 0.797394789579158 45.9708383322455 793.850456570659
122 0.803206412825651 41.5827474994422 717.592121015315
123 0.809018036072144 37.6154113105464 648.913370605053
124 0.814829659318637 34.0271201094024 587.024244123166
125 0.82064128256513 30.7804984152223 531.221375890413
126 0.826452905811623 27.8420312855864 480.878016231023
127 0.832264529058116 25.1816450901306 435.435258898391
128 0.838076152304609 22.7723361352578 394.394322597354
129 0.843887775551102 20.5898414083546 357.309753968567
130 0.849699398797595 18.6123464288972 323.783436838232
131 0.855511022044088 16.8202258185131 293.459307583953
132 0.861322645290581 15.1958127454087 266.018689465642
133 0.867134268537074 13.7231938716128 241.176170009665
134 0.872945891783567 12.3880268437127 218.675955262307
135 0.87875751503006 11.1773777273207 198.288643156838
136 0.884569138276553 10.0795760994242 179.808365547435
137 0.890380761523046 9.08408578707796 163.050254807807
138 0.896192384769539 8.18138948081231 147.848196404912
139 0.902004008016032 7.36288566114455 134.052833652169
140 0.907815631262525 6.62079646058246 121.529795019629
141 0.913627254509018 5.94808524485864 110.158118014237
142 0.919438877755511 5.33838283873658 99.8288468137578
143 0.925250501002004 4.78592144610859 90.4437836049707
144 0.931062124248497 4.28547542344372 81.914375993902
145 0.93687374749499 3.83230816183729 74.1607249691153
146 0.942685370741483 3.42212441761234 67.1106997482366
147 0.948496993987976 3.05102750605763 60.6991474572781
148 0.954308617234469 2.71548083870451 54.8671870116721
149 0.960120240480962 2.41227334263265 49.5615778129428
150 0.965931863727455 2.13848835159801 44.7341549679275
151 0.971743486973948 1.89147560412249 40.3413236977139
152 0.977555110220441 1.66882602379455 36.3436064477879
153 0.983366733466934 1.46834899253391 32.7052369538284
154 0.989178356713427 1.2880518590233 29.393796171837
155 0.99498997995992 1.12612145238871 26.3798855578486
156 1.00080160320641 0.98090739593878 23.6368336909601
157 1.00661322645291 0.850907037726012 21.1404326821814
158 1.0124248496994 0.734751834191901 18.8687012079708
159 1.01823647294589 0.631195040490376 16.8016713576368
160 1.02404809619238 0.539100576500692 14.9211967936192
161 1.02985971943888 0.457432951262865 13.2107799979042
162 1.03567134268537 0.385248140789489 11.6554166207021
163 1.04148296593186 0.321685325099391 10.241455162787
164 1.04729458917836 0.265959400031153 8.95647041381094
165 1.05310621242485 0.217354188061306 7.78914923833299
166 1.05891783567134 0.175216280090494 6.72918745177325
167 1.06472945891784 0.138949447074526 5.76719666220532
168 1.07054108216433 0.108009566557762 4.89462007279403
169 1.07635270541082 0.0819000146947726 4.10365634547138
170 1.08216432865731 0.0601674792942199 3.38719072062647
171 1.08797595190381 0.0423981538500957 2.73873267148908
172 1.0937875751503 0.0282142764960027 2.1523594466814
173 1.09959919839679 0.0172709813779884 1.62266492112335
174 1.10541082164329 0.00925343313483173 1.14471323501734
175 1.11122244488978 0.00387421804090216 0.7139967538063
176 1.11703406813627 0.000870967940735823 0.326397929507901
177 1.12284569138277 0 0
178 1.12865731462926 0 0
179 1.13446893787575 0 0
180 1.14028056112224 0 0
181 1.14609218436874 0 0
182 1.15190380761523 0 0
183 1.15771543086172 0 0
184 1.16352705410822 0 0
185 1.16933867735471 0 0
186 1.1751503006012 0 0
187 1.1809619238477 0 0
188 1.18677354709419 0 0
189 1.19258517034068 0 0
190 1.19839679358717 0 0
191 1.20420841683367 0 0
192 1.21002004008016 0 0
193 1.21583166332665 0 0
194 1.22164328657315 0 0
195 1.22745490981964 0 0
196 1.23326653306613 0 0
197 1.23907815631263 0 0
198 1.24488977955912 0 0
199 1.25070140280561 0 0
200 1.2565130260521 0 0
201 1.2623246492986 0 0
202 1.26813627254509 0 0
203 1.27394789579158 0 0
204 1.27975951903808 0 0
205 1.28557114228457 0 0
206 1.29138276553106 0 0
207 1.29719438877756 0 0
208 1.30300601202405 0 0
209 1.30881763527054 0 0
210 1.31462925851703 0 0
211 1.32044088176353 0 0
212 1.32625250501002 0 0
213 1.33206412825651 0 0
214 1.33787575150301 0 0
215 1.3436873747495 0 0
216 1.34949899799599 0 0
217 1.35531062124249 0 0
218 1.36112224448898 0 0
219 1.36693386773547 0 0
220 1.37274549098196 0 0
221 1.37855711422846 0 0
222 1.38436873747495 0 0
223 1.39018036072144 0 0
224 1.39599198396794 0 0
225 1.40180360721443 0 0
226 1.40761523046092 0 0
227 1.41342685370741 0 0
228 1.41923847695391 0 0
229 1.4250501002004 0 0
230 1.43086172344689 0 0
231 1.43667334669339 0 0
232 1.44248496993988 0 0
233 1.44829659318637 0 0
234 1.45410821643287 0 0
235 1.45991983967936 0 0
236 1.46573146292585 0 0
237 1.47154308617234 0 0
238 1.47735470941884 0 0
239 1.48316633266533 0 0
240 1.48897795591182 0 0
241 1.49478957915832 0 0
242 1.50060120240481 0 0
243 1.5064128256513 0 0
244 1.5122244488978 0 0
245 1.51803607214429 0 0
246 1.52384769539078 0 0
247 1.52965931863727 0 0
248 1.53547094188377 0 0
249 1.54128256513026 0 0
250 1.54709418837675 0 0
251 1.55290581162325 0 0
252 1.55871743486974 0 0
253 1.56452905811623 0 0
254 1.57034068136273 0 0
255 1.57615230460922 0 0
256 1.58196392785571 0 0
257 1.5877755511022 0 0
258 1.5935871743487 0 0
259 1.59939879759519 0 0
260 1.60521042084168 0 0
261 1.61102204408818 0 0
262 1.61683366733467 0 0
263 1.62264529058116 0 0
264 1.62845691382766 0 0
265 1.63426853707415 0 0
266 1.64008016032064 0 0
267 1.64589178356713 0 0
268 1.65170340681363 0 0
269 1.65751503006012 0 0
270 1.66332665330661 0 0
271 1.66913827655311 0 0
272 1.6749498997996 0 0
273 1.68076152304609 0 0
274 1.68657314629259 0 0
275 1.69238476953908 0 0
276 1.69819639278557 0 0
277 1.70400801603206 0 0
278 1.70981963927856 0 0
279 1.71563126252505 0 0
280 1.72144288577154 0 0
281 1.72725450901804 0 0
282 1.73306613226453 0 0
283 1.73887775551102 0 0
284 1.74468937875752 0 0
285 1.75050100200401 0 0
286 1.7563126252505 0 0
287 1.76212424849699 0 0
288 1.76793587174349 0 0
289 1.77374749498998 0 0
290 1.77955911823647 0 0
291 1.78537074148297 0 0
292 1.79118236472946 0 0
293 1.79699398797595 0 0
294 1.80280561122244 0 0
295 1.80861723446894 0 0
296 1.81442885771543 0 0
297 1.82024048096192 0 0
298 1.82605210420842 0 0
299 1.83186372745491 0 0
300 1.8376753507014 0 0
301 1.8434869739479 0 0
302 1.84929859719439 0 0
303 1.85511022044088 0 0
304 1.86092184368737 0 0
305 1.86673346693387 0 0
306 1.87254509018036 0 0
307 1.87835671342685 0 0
308 1.88416833667335 0 0
309 1.88997995991984 0 0
310 1.89579158316633 0 0
311 1.90160320641283 0 0
312 1.90741482965932 0 0
313 1.91322645290581 0 0
314 1.9190380761523 0 0
315 1.9248496993988 0 0
316 1.93066132264529 0 0
317 1.93647294589178 0 0
318 1.94228456913828 0 0
319 1.94809619238477 0 0
320 1.95390781563126 0 0
321 1.95971943887776 0 0
322 1.96553106212425 0 0
323 1.97134268537074 0 0
324 1.97715430861723 0 0
325 1.98296593186373 0 0
326 1.98877755511022 0 0
327 1.99458917835671 0 0
328 2.00040080160321 0 0
329 2.0062124248497 0 0
330 2.01202404809619 0 0
331 2.01783567134269 0 0
332 2.02364729458918 0 0
333 2.02945891783567 0 0
334 2.03527054108216 0 0
335 2.04108216432866 0 0
336 2.04689378757515 0 0
337 2.05270541082164 0 0
338 2.05851703406814 0 0
339 2.06432865731463 0 0
340 2.07014028056112 0 0
341 2.07595190380762 0 0
342 2.08176352705411 0 0
343 2.0875751503006 0 0
344 2.09338677354709 0 0
345 2.09919839679359 0 0
346 2.10501002004008 0 0
347 2.11082164328657 0 0
348 2.11663326653307 0 0
349 2.12244488977956 0 0
350 2.12825651302605 0 0
351 2.13406813627255 0 0
352 2.13987975951904 0 0
353 2.14569138276553 0 0
354 2.15150300601202 0 0
355 2.15731462925852 0 0
356 2.16312625250501 0 0
357 2.1689378757515 0 0
358 2.174749498998 0 0
359 2.18056112224449 0 0
360 2.18637274549098 0 0
361 2.19218436873747 0 0
362 2.19799599198397 0 0
363 2.20380761523046 0 0
364 2.20961923847695 0 0
365 2.21543086172345 0 0
366 2.22124248496994 0 0
367 2.22705410821643 0 0
368 2.23286573146293 0 0
369 2.23867735470942 0 0
370 2.24448897795591 0 0
371 2.2503006012024 0 0
372 2.2561122244489 0 0
373 2.26192384769539 0 0
374 2.26773547094188 0 0
375 2.27354709418838 0 0
376 2.27935871743487 0 0
377 2.28517034068136 0 0
378 2.29098196392786 0 0
379 2.29679358717435 0 0
380 2.30260521042084 0 0
381 2.30841683366733 0 0
382 2.31422845691383 0 0
383 2.32004008016032 0 0
384 2.32585170340681 0 0
385 2.33166332665331 0 0
386 2.3374749498998 0 0
387 2.34328657314629 0 0
388 2.34909819639279 0 0
389 2.35490981963928 0 0
390 2.36072144288577 0 0
391 2.36653306613226 0 0
392 2.37234468937876 0 0
393 2.37815631262525 0 0
394 2.38396793587174 0 0
395 2.38977955911824 0 0
396 2.39559118236473 0 0
397 2.40140280561122 0 0
398 2.40721442885772 0 0
399 2.41302605210421 0 0
400 2.4188376753507 0 0
401 2.42464929859719 0 0
402 2.43046092184369 0 0
403 2.43627254509018 0 0
404 2.44208416833667 0 0
405 2.44789579158317 0 0
406 2.45370741482966 0 0
407 2.45951903807615 0 0
408 2.46533066132265 0 0
409 2.47114228456914 0 0
410 2.47695390781563 0 0
411 2.48276553106212 0 0
412 2.48857715430862 0 0
413 2.49438877755511 0 0
414 2.5002004008016 0 0
415 2.5060120240481 0 0
416 2.51182364729459 0 0
417 2.51763527054108 0 0
418 2.52344689378758 0 0
419 2.52925851703407 0 0
420 2.53507014028056 0 0
421 2.54088176352705 0 0
422 2.54669338677355 0 0
423 2.55250501002004 0 0
424 2.55831663326653 0 0
425 2.56412825651303 0 0
426 2.56993987975952 0 0
427 2.57575150300601 0 0
428 2.5815631262525 0 0
429 2.587374749499 0 0
430 2.59318637274549 0 0
431 2.59899799599198 0 0
432 2.60480961923848 0 0
433 2.61062124248497 0 0
434 2.61643286573146 0 0
435 2.62224448897796 0 0
436 2.62805611222445 0 0
437 2.63386773547094 0 0
438 2.63967935871743 0 0
439 2.64549098196393 0 0
440 2.65130260521042 0 0
441 2.65711422845691 0 0
442 2.66292585170341 0 0
443 2.6687374749499 0 0
444 2.67454909819639 0 0
445 2.68036072144289 0 0
446 2.68617234468938 0 0
447 2.69198396793587 0 0
448 2.69779559118236 0 0
449 2.70360721442886 0 0
450 2.70941883767535 0 0
451 2.71523046092184 0 0
452 2.72104208416834 0 0
453 2.72685370741483 0 0
454 2.73266533066132 0 0
455 2.73847695390782 0 0
456 2.74428857715431 0 0
457 2.7501002004008 0 0
458 2.75591182364729 0 0
459 2.76172344689379 0 0
460 2.76753507014028 0 0
461 2.77334669338677 0 0
462 2.77915831663327 0 0
463 2.78496993987976 0 0
464 2.79078156312625 0 0
465 2.79659318637275 0 0
466 2.80240480961924 0 0
467 2.80821643286573 0 0
468 2.81402805611222 0 0
469 2.81983967935872 0 0
470 2.82565130260521 0 0
471 2.8314629258517 0 0
472 2.8372745490982 0 0
473 2.84308617234469 0 0
474 2.84889779559118 0 0
475 2.85470941883768 0 0
476 2.86052104208417 0 0
477 2.86633266533066 0 0
478 2.87214428857715 0 0
479 2.87795591182365 0 0
480 2.88376753507014 0 0
481 2.88957915831663 0 0
482 2.89539078156313 0 0
483 2.90120240480962 0 0
484 2.90701402805611 0 0
485 2.9128256513026 0 0
486 2.9186372745491 0 0
487 2.92444889779559 0 0
488 2.93026052104208 0 0
489 2.93607214428858 0 0
490 2.94188376753507 0 0
491 2.94769539078156 0 0
492 2.95350701402806 0 0
493 2.95931863727455 0 0
494 2.96513026052104 0 0
495 2.97094188376753 0 0
496 2.97675350701403 0 0
497 2.98256513026052 0 0
498 2.98837675350701 0 0
499 2.99418837675351 0 0
500 3 0 0
